,,,,,,,,,,,,,,,,,,,,,,,,,,,,,,,,,,,,,,,,,,,,,,,,,,,,,,,,,,,,,
,1,,,,,,,,,,,,,,,,,,,,,,,,,,,,,,,,,4,,,,,,,,,,,,,,,,,,,,,,,,,
,,1,11,,1111,,22222,,33333,,,44444,,,,,,,,,,,,,,,,,,,,,,,,,,,
,,1,,,1,1,,1,2,,222,,3,,3,,,,,4,,,4,,,,,,,,,,,,,,,,,,,,,,,,,,
,,1,,,1,1,,1,2,2,,,,,3,,3,,,,,4,,4,,,,,,,,,,,,,,,,,,,,,,,,,,,
,,1,,,1,1,,1,2,222,,,3,,3,,,,,4,,4,,,,,,,,,,,,,,,,,,,,,,,,,,,
,,1,,,1,1,,1,2,,22,,,3,,3,,,,,4,,4,,,,,,,,,,,,,,,,,,,,,,,,,,,
,,1,,,1,,,,1,2,2,,,,,3,,3,,,,,4,,4,,,,,,,,,,,,,,,,,,,,,,,,,,,
,,1,,,111,,1,2,2,,,2,3,,3,,,3,4,,4,,,,4,,,,,,,,,,,,,,,,,,,,,,
,,1,,,1,1,,1,2,,2,,2,3,,,3,,3,4,,,4,,44,,,,,,,,,,,,,,,,,,,,,,
,,1,,,1,1,,1,2,,,,,2,,,3,,,,3,4,,,,44,4,,,,,,,,,,,,,,,,,,,,,,
,,1,,,1,1,,,,,,,2,,,,,,,,3,,,,,,4,,,,,4,,,,,,,,,,,,,,,,,,,,,,
,,1,,,1,,,,,,,,,,,,,,,,,,,,,,,,,,,4,,,4,,,,,,,,,,,,,,,,,,,,,,
,1,,1,,,,,,,,,,,,,,,,,,,,,,,,,,,,,,,444,,,,,,,,,,,,,,,,,,,,,,
,,,,,,,,,,,,,,,,,,,,,,,,,,,,,,,,,,,,,,,,,,,,,,,,,,,,,,,,,,,,,
,,,,,,,,,,,,,,,,,,,,,,,,,,,,,,,,,,,,,,,,,,,,,,,,,,,,,,,,,,,,,
,,,,,,,,,,,,,,,,,,,,,,,,,,,,,,,,,,,,,,,,,,,,,,,,,,,,,,,,,,,,,
,,,,,,,,,,,,,,,,,,,,,,,,,,,,,,,,,,,,,,,,,,,,,,,,,,,,,,,,,,,,,
,,,,,,,,,,,,,,,,,,,,,,,,,,,,,,,,,,,,,,,,,,,,,,,,,,,,,,,,,,,,,
,,,,,,,,,,,,,,,,,,,,,,,,,,,,,,,,,,,,,,,,,,,,,,,,,,,,,,,,,,,,,
,,,,,,,,,,,,,,,,,,,,,,,,,,,,,,,,,,,,,,,,,,,,,,,,,,,,,,,,,,,,,

